0;[191, 273, 420, 934, 1214, 1856]
1;[304, 667, 721, 1133, 1143, 1237, 1430, 1509]
2;[410, 1076, 1269, 1325]
3;[1234, 1487, 1565]
5;[549, 600, 1630, 1853]
6;[332, 346, 568, 630, 674, 936, 951, 1006, 1293, 1409, 1623, 1681, 1855]
7;[39, 409, 631, 679, 701, 773, 1300, 1332, 1459, 1480, 1592, 1750, 1889]
8;[73, 98, 113, 539, 584, 622, 678, 702, 845, 969, 1171, 1191, 1200, 1462, 1580, 1637, 1736, 1858, 1906]
9;[523, 661, 719, 1193, 1681, 1683]
10;[388, 742, 789, 840, 894, 1193, 1683, 1750, 1752]
11;[43, 212, 476, 536, 616, 690, 907, 921, 1021, 1085, 1185, 1301, 1533, 1610, 1818, 1835, 1877, 1894]
12;[114, 392, 444, 981, 1065, 1318, 1753, 1866]
13;[321, 823, 1655]
15;[67, 191, 310, 399, 459, 533, 636, 800, 1440]
16;[8, 88, 542, 1813]
17;[34, 85, 87, 440, 506, 694, 972, 1055, 1197, 1201, 1247, 1254, 1273, 1303, 1415]
18;[17, 131, 254, 390, 724, 933, 1164, 1286, 1679, 1750, 1854]
19;[1069, 1074, 1525, 1556, 1779, 1894]
20;[50, 327, 363, 374, 710, 1095, 1216, 1236, 1374, 1399, 1420, 1566, 1753]
22;[614, 635, 891, 1140, 1243, 1481, 1544, 1688, 1821, 1830]
23;[7, 983, 1060, 1478, 1595]
24;[1, 283, 351, 378, 540, 909, 1276, 1333, 1364, 1796]
25;[197, 572, 578, 607, 802, 841, 1052, 1319, 1363, 1695, 1699]
26;[124, 1395, 1642, 1800]
27;[1259, 1900]
28;[15, 130, 565, 697, 822, 1095, 1468, 1836]
29;[69, 257, 417, 498, 651, 1232, 1916]
30;[174, 726, 1032]
31;[42, 182, 209, 281, 285, 304, 412, 735, 1018, 1189, 1416, 1627, 1856]
32;[481, 737, 1017]
33;[296, 1303, 1539, 1586, 1798]
34;[330, 542, 661, 836, 916, 982, 1272, 1312, 1560, 1599]
35;[3, 645, 661, 1083, 1694]
36;[206, 307, 549, 703, 884, 1351, 1596]
37;[36, 111, 122, 241, 689, 914, 934, 1357, 1557, 1793]
38;[172, 177, 555, 564, 626, 649, 653, 688, 699, 756, 795, 1014, 1082, 1486, 1501, 1529, 1634, 1747, 1805, 1882]
39;[72, 479, 544, 737, 1891]
40;[354, 815, 826, 854, 919, 1050, 1095, 1594, 1663]
41;[315, 335, 1252]
42;[82, 169, 213, 464, 478, 652, 902, 962, 1041, 1043, 1134, 1187, 1337, 1396, 1633, 1705, 1797, 1827, 1893]
43;[7, 384, 531, 829, 1595]
44;[545, 811, 865, 1398, 1527, 1855, 1918]
45;[171, 957]
46;[276, 326, 366, 639, 940, 992, 1003, 1077, 1355, 1396, 1867]
47;[22, 45, 91, 151, 154, 169, 225, 318, 368, 530, 575, 587, 730, 767, 903, 998, 1013, 1015, 1104, 1149, 1152, 1221, 1348, 1382, 1441, 1543, 1554, 1729, 1791, 1922]
48;[226, 605, 641, 1138, 1802]
50;[3, 32, 95, 554, 685, 742, 779, 1033, 1069, 1192, 1321, 1416, 1439, 1531, 1733]
51;[28, 367, 368, 465, 1367, 1417, 1648, 1654]
52;[534, 917, 920, 965, 995, 1019, 1257, 1258, 1467, 1510, 1729]
53;[168, 316, 1469, 1569, 1744, 1823]
54;[185, 372, 503, 531, 716, 841, 1016, 1113, 1344, 1447, 1588, 1644, 1672, 1697, 1710, 1732, 1788, 1913]
55;[297, 415, 568, 614, 801, 834, 1070, 1146, 1230, 1282, 1558, 1726]
56;[336, 405, 664, 775, 1142, 1178, 1563, 1727]
57;[127, 841, 1200, 1227, 1236, 1240, 1241, 1416, 1571, 1757]
58;[1494, 1806]
59;[568, 1124]
60;[233, 353, 445, 602, 604, 887, 1112, 1303, 1483, 1589]
61;[89, 190, 224, 344, 391, 595, 601, 635, 665, 699, 1030, 1061, 1077, 1339, 1812, 1877]
62;[166, 448, 568, 756, 847, 938, 1070, 1329, 1694, 1752, 1769]
63;[734, 1393, 1733, 1786]
64;[53, 278, 331, 377, 393, 443, 580, 699, 768, 809, 831, 902, 923, 947, 1108, 1109, 1215, 1222, 1360, 1404, 1564, 1772, 1876]
65;[1685]
66;[16, 74, 121, 150, 163, 298, 337, 363, 364, 426, 433, 439, 446, 472, 483, 508, 526, 549, 555, 563, 576, 588, 629, 657, 682, 712, 769, 770, 773, 858, 910, 926, 929, 944, 946, 973, 999, 1008, 1023, 1115, 1225, 1249, 1257, 1280, 1349, 1419, 1429, 1436, 1473, 1474, 1476, 1567, 1616, 1625, 1650, 1661, 1703, 1767, 1790, 1832, 1839, 1896, 1909]
67;[190, 407, 416, 435, 787, 850, 1025, 1157, 1274, 1316, 1369, 1632, 1659, 1716, 1785, 1842, 1878]
68;[55, 470, 488, 507, 612, 953, 1365, 1426]
70;[924, 989]
71;[301, 424, 543, 1247, 1418, 1482, 1516, 1857]
72;[145, 357, 382, 387, 442, 543, 552, 1078, 1837]
73;[56, 269, 287, 345, 635, 727, 768, 771, 818, 969, 984, 1251, 1327, 1402, 1559, 1749, 1812]
74;[59, 354, 452, 757, 841, 1356]
75;[178, 306, 406, 663, 799, 1095, 1468, 1641]
76;[106, 568, 583, 695, 696, 746, 1037, 1121, 1295, 1639, 1734]
77;[609, 659, 742, 759, 820, 838, 1197, 1212, 1247, 1422, 1698]
78;[516, 520, 521, 1113]
79;[7, 261, 305, 429, 785, 821, 925, 960, 1101, 1204, 1434, 1595, 1632, 1802]
80;[313, 417]
81;[346, 722, 939, 1142, 1340, 1675, 1748, 1761]
82;[803, 987, 1062, 1490, 1552]
84;[401, 798, 1130, 1648, 1819]
85;[8, 71, 205, 432, 1087, 1134, 1525, 1631, 1822]
86;[343, 481, 537]
87;[2, 64, 165, 244, 263, 274, 373, 462, 490, 511, 521, 654, 743, 751, 768, 860, 881, 897, 927, 1122, 1242, 1505, 1577, 1614, 1686, 1687, 1739, 1861]
88;[645, 826, 1106, 1125, 1405, 1491, 1602, 1721, 1864]
89;[162, 522, 1735, 1755, 1816]
90;[14, 58, 569, 583, 815, 857, 898, 948, 1055, 1091, 1165, 1504, 1545, 1548, 1795, 1910, 1913]
91;[41, 115, 184, 1421, 1519, 1857, 1917]
93;[1900]
95;[438, 553, 1166, 1492, 1734, 1776]
96;[98, 1292, 1690]
97;[5, 126, 226, 1101, 1148, 1511, 1547, 1595, 1622, 1802]
98;[16, 76, 182, 202, 441, 496, 570, 725, 1017, 1049, 1080, 1082, 1196, 1224, 1353, 1510, 1594, 1601, 1681, 1682, 1868]
99;[166, 185, 307, 431, 437, 505, 849, 940, 1091, 1129, 1475, 1485]
100;[1389, 1897]
101;[708, 733, 1389, 1750, 1851, 1897]
102;[497, 1323]
103;[291, 579, 1347, 1636, 1653, 1914]
104;[600, 797, 1150]
105;[23, 323, 478, 742, 890, 1265, 1312, 1752, 1764, 1780, 1840]
106;[146, 268, 597, 675, 820, 1258, 1420]
107;[345, 928, 1067, 1119, 1238, 1523, 1576]
108;[258, 316, 376, 573, 1081, 1082, 1088, 1326, 1394, 1706, 1797, 1878, 1912]
109;[481, 560, 703, 1775]
110;[77, 112, 159, 329, 413, 485, 546, 582, 788, 1181, 1260, 1281, 1328, 1424, 1465, 1540, 1705, 1808, 1868, 1891, 1921]
112;[7, 366, 841, 992, 1069, 1236, 1260, 1427, 1702]
114;[520, 825, 990, 1113]
115;[332, 1293, 1331, 1409]
116;[1385, 1521]
117;[365, 983, 1310, 1412, 1792, 1879]
118;[384, 387, 844]
119;[471, 542, 600, 713, 785, 985, 1363, 1609, 1628, 1875]
120;[149, 361, 428, 538, 943, 1095, 1114, 1134, 1263, 1373, 1728]
122;[779, 1059, 1416, 1925]
123;[349, 1314, 1358, 1508, 1820, 1856]
124;[155, 264, 296, 757, 1208, 1213, 1442, 1656, 1735, 1908]
125;[354, 594, 637, 646, 757, 1136, 1279, 1530, 1859]
126;[14, 257, 493, 574, 629, 705, 718, 725, 854, 1014, 1064, 1220, 1228, 1261, 1278, 1313, 1387, 1650, 1689, 1806]
127;[350, 525, 613, 904, 949, 1038, 1329, 1433, 1447, 1857]
128;[57, 186, 422, 1235, 1431, 1455]
129;[204, 528, 614, 748, 817, 894, 954, 1029, 1380, 1413, 1423, 1437, 1579, 1581, 1714, 1768, 1769]
130;[615, 643, 841, 938, 1117, 1291, 1329, 1346, 1825, 1873]
131;[65, 279, 1311, 1617]
132;[18, 1549]
133;[681, 711, 792, 900, 1009, 1051, 1620]
134;[385, 1452, 1738, 1746]
135;[97, 102, 544, 615, 660, 815, 859, 1117, 1209, 1868]
136;[8, 307, 500, 559, 624, 635, 1172, 1297, 1322, 1638, 1732, 1913]
137;[618, 1512, 1667]
138;[216, 383, 501, 1283, 1309]
